"col0","col1","col2","col3","col4"
"path: /home/sixsquare/codeQL/projects/django/django/utils/_os.py","call function: 45:10-45:38","call in function: symlinks_supported@39-54","callee=tempfile.TemporaryDirectory","basic block: 40:5-50:14"
"path: /home/sixsquare/codeQL/projects/django/django/utils/archive.py","call function: 199:26-199:45","call in function: extract@174-204","callee=open","basic block: 199:26-199:45"
"path: /home/sixsquare/codeQL/projects/django/django/utils/archive.py","call function: 235:22-235:41","call in function: extract@217-239","callee=open","basic block: 235:22-239:54"
"path: /home/sixsquare/codeQL/projects/django/django/core/handlers/asgi.py","call function: 259:21-261:9","call in function: read_body@256-284","callee=tempfile.SpooledTemporaryFile","basic block: 256:25-259:17"
"path: /home/sixsquare/codeQL/projects/django/django/core/files/base.py","call function: 112:25-112:75","call in function: open@108-115","callee=open","basic block: 112:61-112:21"
"path: /home/sixsquare/codeQL/projects/django/tests/staticfiles_tests/cases.py","call function: 83:16-83:33","call in function: mkdtemp@82-83","callee=tempfile.mkdtemp","basic block: 82:17-83:33"
"path: /home/sixsquare/codeQL/projects/django/tests/staticfiles_tests/cases.py","call function: 97:14-97:45","call in function: _get_file@94-98","callee=open","basic block: 95:9-98:27"
"path: /home/sixsquare/codeQL/projects/django/django/core/management/commands/compilemessages.py","call function: 22:14-22:50","call in function: is_dir_writable@20-26","callee=tempfile.NamedTemporaryFile","basic block: 22:46-22:50"
"path: /home/sixsquare/codeQL/projects/django/django/views/debug.py","call function: 456:22-456:41","call in function: _get_source@445-460","callee=open","basic block: 455:13-456:41"
"path: /home/sixsquare/codeQL/projects/django/django/template/backends/dummy.py","call function: 28:22-28:58","call in function: get_template@24-39","callee=open","basic block: 26:13-28:58"
"path: /home/sixsquare/codeQL/projects/django/docs/_ext/djangodocs.py","call function: 218:14-218:35","call in function: finish@201-221","callee=open","basic block: 201:16-221:27"
"path: /home/sixsquare/codeQL/projects/django/django/core/management/commands/dumpdata.py","call function: 266:26-266:63","call in function: handle@104-286","callee=open","basic block: 266:26-266:63"
"path: /home/sixsquare/codeQL/projects/django/django/contrib/gis/geos/factory.py","call function: 11:14-11:31","call in function: fromfile@4-28","callee=open","basic block: 11:14-12:15"
"path: /home/sixsquare/codeQL/projects/django/django/contrib/sessions/backends/file.py","call function: 34:65-34:85","call in function: _get_storage_path@29-45","callee=tempfile.gettempdir","basic block: 34:65-34:85"
"path: /home/sixsquare/codeQL/projects/django/django/contrib/sessions/backends/file.py","call function: 82:18-82:60","call in function: load@79-105","callee=open","basic block: 82:53-82:60"
"path: /home/sixsquare/codeQL/projects/django/django/contrib/sessions/backends/file.py","call function: 138:18-138:50","call in function: save@123-184","callee=os.open","basic block: 138:26-138:50"
"path: /home/sixsquare/codeQL/projects/django/django/contrib/sessions/backends/file.py","call function: 165:48-167:13","call in function: save@123-184","callee=tempfile.mkstemp","basic block: 166:26-167:13"
"path: /home/sixsquare/codeQL/projects/django/django/core/mail/backends/filebased.py","call function: 57:27-57:58","call in function: open@55-59","callee=open","basic block: 57:27-58:23"
"path: /home/sixsquare/codeQL/projects/django/django/core/cache/backends/filebased.py","call function: 35:18-35:34","call in function: get@32-40","callee=open","basic block: 32:13-35:34"
"path: /home/sixsquare/codeQL/projects/django/django/core/cache/backends/filebased.py","call function: 51:24-51:54","call in function: set@47-60","callee=tempfile.mkstemp","basic block: 47:13-54:31"
"path: /home/sixsquare/codeQL/projects/django/django/core/cache/backends/filebased.py","call function: 54:18-54:31","call in function: set@47-60","callee=open","basic block: 47:13-54:31"
"path: /home/sixsquare/codeQL/projects/django/django/core/cache/backends/filebased.py","call function: 64:18-64:61","call in function: touch@62-77","callee=open","basic block: 64:56-64:61"
"path: /home/sixsquare/codeQL/projects/django/django/core/cache/backends/filebased.py","call function: 95:18-95:34","call in function: has_key@92-98","callee=open","basic block: 92:17-95:34"
"path: /home/sixsquare/codeQL/projects/django/django/template/loaders/filesystem.py","call function: 22:18-22:69","call in function: get_contents@20-25","callee=open","basic block: 22:36-22:69"
"path: /home/sixsquare/codeQL/projects/django/django/core/files/storage/filesystem.py","call function: 66:21-66:47","call in function: _open@65-66","callee=open","basic block: 65:15-66:48"
"path: /home/sixsquare/codeQL/projects/django/django/core/files/storage/filesystem.py","call function: 118:26-118:62","call in function: _save@68-149","callee=os.open","basic block: 118:34-118:62"
"path: /home/sixsquare/codeQL/projects/django/django/core/files/images.py","call function: 50:20-50:43","call in function: get_image_dimensions@35-89","callee=open","basic block: 49:9-50:43"
"path: /home/sixsquare/codeQL/projects/django/docs/lint.py","call function: 30:18-30:49","call in function: django_check_file@20-39","callee=open","basic block: 29:9-30:49"
"path: /home/sixsquare/codeQL/projects/django/scripts/manage_translations.py","call function: 136:22-136:37","call in function: list_resources_with_updates@82-142","callee=open","basic block: 135:25-138:64"
"path: /home/sixsquare/codeQL/projects/django/django/core/management/commands/makemigrations.py","call function: 364:29-364:48","call in function: write_migration_files@337-397","callee=open","basic block: 364:29-364:56"
"path: /home/sixsquare/codeQL/projects/django/django/core/management/commands/makemigrations.py","call function: 368:26-368:65","call in function: write_migration_files@337-397","callee=open","basic block: 367:40-371:54"
"path: /home/sixsquare/codeQL/projects/django/django/core/management/commands/makemigrations.py","call function: 502:26-502:65","call in function: handle_merge@409-518","callee=open","basic block: 502:26-505:41"
"path: /home/sixsquare/codeQL/projects/django/django/core/management/commands/makemessages.py","call function: 110:14-110:46","call in function: preprocess@102-117","callee=open","basic block: 110:14-113:34"
"path: /home/sixsquare/codeQL/projects/django/django/core/management/commands/makemessages.py","call function: 116:14-116:56","call in function: preprocess@102-117","callee=open","basic block: 116:14-117:29"
"path: /home/sixsquare/codeQL/projects/django/django/core/management/commands/makemessages.py","call function: 195:10-195:59","call in function: write_pot_file@172-196","callee=open","basic block: 192:12-196:22"
"path: /home/sixsquare/codeQL/projects/django/django/core/management/commands/makemessages.py","call function: 519:18-519:53","call in function: build_potfiles@497-522","callee=open","basic block: 518:20-521:36"
"path: /home/sixsquare/codeQL/projects/django/django/core/management/commands/makemessages.py","call function: 665:14-665:42","call in function: process_locale_dir@597-700","callee=tempfile.NamedTemporaryFile","basic block: 664:47-672:17"
"path: /home/sixsquare/codeQL/projects/django/django/core/management/commands/makemessages.py","call function: 665:14-665:42","call in function: process_locale_dir@597-700","callee=django.core.files.temp.NamedTemporaryFile","basic block: 664:47-672:17"
"path: /home/sixsquare/codeQL/projects/django/django/core/management/commands/makemessages.py","call function: 725:18-725:48","call in function: write_po_file@702-745","callee=open","basic block: 725:18-727:42"
"path: /home/sixsquare/codeQL/projects/django/django/core/management/commands/makemessages.py","call function: 733:14-733:48","call in function: write_po_file@702-745","callee=open","basic block: 729:16-736:27"
"path: /home/sixsquare/codeQL/projects/django/django/core/management/commands/makemessages.py","call function: 763:22-763:54","call in function: copy_plural_forms@747-778","callee=open","basic block: 763:22-765:20"
"path: /home/sixsquare/codeQL/projects/django/django/core/mail/message.py","call function: 424:14-424:28","call in function: attach_file@412-426","callee=pathlib.Path.open","basic block: 412:21-426:53"
"path: /home/sixsquare/codeQL/projects/django/django/core/files/move.py","call function: 50:10-50:34","call in function: file_move_safe@16-92","callee=open","basic block: 44:5-58:51"
"path: /home/sixsquare/codeQL/projects/django/django/core/files/move.py","call function: 52:14-61:9","call in function: file_move_safe@16-92","callee=os.open","basic block: 58:20-63:17"
"path: /home/sixsquare/codeQL/projects/django/django/core/management/commands/optimizemigration.py","call function: 122:14-122:53","call in function: handle@32-129","callee=open","basic block: 122:14-129:13"
"path: /home/sixsquare/codeQL/projects/django/django/core/management/commands/optimizemigration.py","call function: 122:14-122:53","call in function: handle@32-129","callee=open","basic block: 122:14-126:24"
"path: /home/sixsquare/codeQL/projects/django/django/contrib/auth/password_validation.py","call function: 247:18-247:41","call in function: __init__@240-248","callee=open","basic block: 246:9-248:30"
"path: /home/sixsquare/codeQL/projects/django/django/core/management/commands/shell.py","call function: 83:22-83:35","call in function: python@67-122","callee=open","basic block: 83:22-88:24"
"path: /home/sixsquare/codeQL/projects/django/django/core/management/commands/squashmigrations.py","call function: 208:14-208:53","call in function: handle@61-239","callee=open","basic block: 208:14-212:29"
"path: /home/sixsquare/codeQL/projects/django/django/views/static.py","call function: 60:29-60:47","call in function: serve@28-64","callee=pathlib.Path.open","basic block: 59:5-62:15"
"path: /home/sixsquare/codeQL/projects/django/django/core/files/temp.py","call function: 43:24-43:78","call in function: __init__@42-46","callee=tempfile.mkstemp","basic block: 42:22-46:29"
"path: /home/sixsquare/codeQL/projects/django/django/core/management/templates.py","call function: 203:26-203:57","call in function: handle@88-234","callee=open","basic block: 203:26-208:47"
"path: /home/sixsquare/codeQL/projects/django/django/core/management/templates.py","call function: 207:26-207:62","call in function: handle@88-234","callee=open","basic block: 203:26-208:47"
"path: /home/sixsquare/codeQL/projects/django/django/core/management/templates.py","call function: 308:19-308:69","call in function: download@293-353","callee=tempfile.mkdtemp","basic block: 293:18-312:30"
"path: /home/sixsquare/codeQL/projects/django/django/core/management/templates.py","call function: 319:46-319:65","call in function: download@293-353","callee=open","basic block: 319:13-319:65"
"path: /home/sixsquare/codeQL/projects/django/django/core/management/templates.py","call function: 371:19-371:68","call in function: extract@365-381","callee=tempfile.mkdtemp","basic block: 365:17-373:30"
"path: /home/sixsquare/codeQL/projects/django/tests/utils_tests/test_archive.py","call function: 37:48-37:76","call in function: test_extract_function@34-52","callee=tempfile.TemporaryDirectory","basic block: 36:17-38:51"
"path: /home/sixsquare/codeQL/projects/django/tests/utils_tests/test_archive.py","call function: 70:48-70:76","call in function: test_extract_file_permissions@57-78","callee=tempfile.TemporaryDirectory","basic block: 70:22-78:86"
"path: /home/sixsquare/codeQL/projects/django/tests/utils_tests/test_archive.py","call function: 95:39-95:67","call in function: test_extract_function_traversal@82-97","callee=tempfile.TemporaryDirectory","basic block: 94:13-97:78"
"path: /home/sixsquare/codeQL/projects/django/tests/utils_tests/test_archive.py","call function: 100:14-100:42","call in function: test_extract_function_traversal_startswith@99-115","callee=tempfile.TemporaryDirectory","basic block: 99:52-115:47"
"path: /home/sixsquare/codeQL/projects/django/tests/utils_tests/test_archive.py","call function: 102:30-102:85","call in function: test_extract_function_traversal_startswith@99-115","callee=tempfile.NamedTemporaryFile","basic block: 99:52-115:47"
"path: /home/sixsquare/codeQL/projects/django/tests/migrations/test_base.py","call function: 203:14-203:42","call in function: temporary_migration_module@186-222","callee=tempfile.TemporaryDirectory","basic block: 186:36-209:29"
"path: /home/sixsquare/codeQL/projects/django/tests/migrations/test_base.py","call function: 204:26-204:55","call in function: temporary_migration_module@186-222","callee=tempfile.mkdtemp","basic block: 186:36-209:29"
"path: /home/sixsquare/codeQL/projects/django/tests/migrations/test_base.py","call function: 205:18-205:67","call in function: temporary_migration_module@186-222","callee=open","basic block: 186:36-209:29"
"path: /home/sixsquare/codeQL/projects/django/tests/utils_tests/test_autoreload.py","call function: 68:19-68:36","call in function: temporary_file@67-70","callee=tempfile.mkdtemp","basic block: 67:24-70:39"
"path: /home/sixsquare/codeQL/projects/django/tests/utils_tests/test_autoreload.py","call function: 233:14-233:42","call in function: test_exe_fallback@232-239","callee=tempfile.TemporaryDirectory","basic block: 232:27-239:17"
"path: /home/sixsquare/codeQL/projects/django/tests/utils_tests/test_autoreload.py","call function: 244:14-244:42","call in function: test_use_exe_when_main_spec@243-250","callee=tempfile.TemporaryDirectory","basic block: 243:37-250:17"
"path: /home/sixsquare/codeQL/projects/django/tests/utils_tests/test_autoreload.py","call function: 256:14-256:42","call in function: test_entrypoint_fallback@255-265","callee=tempfile.TemporaryDirectory","basic block: 255:34-265:17"
"path: /home/sixsquare/codeQL/projects/django/tests/utils_tests/test_autoreload.py","call function: 318:22-318:50","call in function: setUp@317-322","callee=tempfile.TemporaryDirectory","basic block: 317:15-322:25"
"path: /home/sixsquare/codeQL/projects/django/tests/utils_tests/test_autoreload.py","call function: 512:14-512:42","call in function: test_manage_py@511-523","callee=tempfile.TemporaryDirectory","basic block: 511:24-523:13"
"path: /home/sixsquare/codeQL/projects/django/tests/utils_tests/test_autoreload.py","call function: 542:26-542:54","call in function: test_propagates_unbuffered_from_parent@538-556","callee=tempfile.TemporaryDirectory","basic block: 539:13-556:70"
"path: /home/sixsquare/codeQL/projects/django/tests/utils_tests/test_autoreload.py","call function: 569:26-569:54","call in function: test_does_not_propagate_unbuffered_from_parent@558-583","callee=tempfile.TemporaryDirectory","basic block: 559:13-583:66"
"path: /home/sixsquare/codeQL/projects/django/tests/utils_tests/test_autoreload.py","call function: 590:20-590:48","call in function: setUp@589-596","callee=tempfile.TemporaryDirectory","basic block: 589:15-596:41"
"path: /home/sixsquare/codeQL/projects/django/tests/i18n/test_compilation.py","call function: 67:9-67:26","call in function: test_no_compile_when_unneeded@65-71","callee=pathlib.Path.touch","basic block: 65:39-71:45"
"path: /home/sixsquare/codeQL/projects/django/tests/migrations/test_commands.py","call function: 1589:18-1589:32","call in function: test_files_content@1579-1605","callee=open","basic block: 1579:28-1605:50"
"path: /home/sixsquare/codeQL/projects/django/tests/migrations/test_commands.py","call function: 1597:18-1597:53","call in function: test_files_content@1579-1605","callee=open","basic block: 1579:28-1605:50"
"path: /home/sixsquare/codeQL/projects/django/tests/migrations/test_commands.py","call function: 1756:18-1756:53","call in function: test_makemigrations_empty_migration@1745-1767","callee=open","basic block: 1745:45-1763:50"
"path: /home/sixsquare/codeQL/projects/django/tests/migrations/test_commands.py","call function: 1923:18-1923:51","call in function: test_makemigrations_default_merge_name@1906-1930","callee=open","basic block: 1906:48-1925:24"
"path: /home/sixsquare/codeQL/projects/django/tests/migrations/test_commands.py","call function: 2527:22-2527:59","call in function: test_makemigrations_with_custom_name@2506-2555","callee=open","basic block: 2512:21-2530:30"
"path: /home/sixsquare/codeQL/projects/django/tests/migrations/test_commands.py","call function: 2527:22-2527:59","call in function: cmd@2512-2530","callee=open","basic block: 2512:21-2530:30"
"path: /home/sixsquare/codeQL/projects/django/tests/migrations/test_commands.py","call function: 2803:18-2803:37","call in function: test_makemigrations_update@2798-2821","callee=open","basic block: 2798:36-2821:70"
"path: /home/sixsquare/codeQL/projects/django/tests/migrations/test_commands.py","call function: 2819:18-2819:41","call in function: test_makemigrations_update@2798-2821","callee=open","basic block: 2798:36-2821:70"
"path: /home/sixsquare/codeQL/projects/django/tests/migrations/test_commands.py","call function: 2828:18-2828:37","call in function: test_makemigrations_update_existing_name@2823-2840","callee=open","basic block: 2823:50-2840:70"
"path: /home/sixsquare/codeQL/projects/django/tests/migrations/test_commands.py","call function: 2838:18-2838:41","call in function: test_makemigrations_update_existing_name@2823-2840","callee=open","basic block: 2823:50-2840:70"
"path: /home/sixsquare/codeQL/projects/django/tests/migrations/test_commands.py","call function: 2848:18-2848:41","call in function: test_makemigrations_update_custom_name@2842-2866","callee=open","basic block: 2842:48-2866:74"
"path: /home/sixsquare/codeQL/projects/django/tests/migrations/test_commands.py","call function: 2864:18-2864:41","call in function: test_makemigrations_update_custom_name@2842-2866","callee=open","basic block: 2842:48-2866:74"
"path: /home/sixsquare/codeQL/projects/django/tests/migrations/test_commands.py","call function: 3056:18-3056:57","call in function: test_squash_partially_applied@3023-3099","callee=open","basic block: 3023:39-3099:13"
"path: /home/sixsquare/codeQL/projects/django/tests/migrations/test_commands.py","call function: 3156:18-3156:64","call in function: test_squashmigrations_initial_attribute@3145-3158","callee=open","basic block: 3145:49-3158:56"
"path: /home/sixsquare/codeQL/projects/django/tests/migrations/test_commands.py","call function: 3214:18-3214:64","call in function: test_squashmigrations_valid_start@3193-3225","callee=open","basic block: 3193:43-3216:28"
"path: /home/sixsquare/codeQL/projects/django/tests/migrations/test_commands.py","call function: 3454:18-3454:45","call in function: test_optimization@3444-3468","callee=open","basic block: 3444:27-3459:36"
"path: /home/sixsquare/codeQL/projects/django/tests/migrations/test_commands.py","call function: 3485:18-3485:45","call in function: test_optimization_no_verbosity@3470-3495","callee=open","basic block: 3470:40-3490:36"
"path: /home/sixsquare/codeQL/projects/django/tests/migrations/test_commands.py","call function: 3509:18-3509:47","call in function: test_creates_replace_migration_manual_porting@3497-3527","callee=open","basic block: 3497:55-3513:20"
"path: /home/sixsquare/codeQL/projects/django/tests/gis_tests/test_data.py","call function: 90:14-90:61","call in function: geometries@88-92","callee=open","basic block: 88:20-92:52"
"path: /home/sixsquare/codeQL/projects/django/tests/view_tests/tests/test_debug.py","call function: 360:14-360:62","call in function: test_template_loader_postmortem@357-395","callee=tempfile.NamedTemporaryFile","basic block: 357:41-395:13"
"path: /home/sixsquare/codeQL/projects/django/tests/view_tests/tests/test_debug.py","call function: 636:28-636:55","call in function: test_eol_support@628-646","callee=tempfile.mkstemp","basic block: 635:13-641:32"
"path: /home/sixsquare/codeQL/projects/django/tests/i18n/test_extraction.py","call function: 46:14-46:31","call in function: _run_makemessages@39-48","callee=open","basic block: 39:27-48:34"
"path: /home/sixsquare/codeQL/projects/django/tests/i18n/test_extraction.py","call function: 67:14-67:30","call in function: _assertPoLocComment@64-93","callee=open","basic block: 65:9-69:26"
"path: /home/sixsquare/codeQL/projects/django/tests/i18n/test_extraction.py","call function: 96:14-96:23","call in function: _get_token_line_number@95-103","callee=open","basic block: 95:32-97:48"
"path: /home/sixsquare/codeQL/projects/django/tests/i18n/test_extraction.py","call function: 154:14-154:49","call in function: test_use_i18n_false@148-158","callee=open","basic block: 148:29-158:76"
"path: /home/sixsquare/codeQL/projects/django/tests/i18n/test_extraction.py","call function: 280:14-280:49","call in function: test_comments_extractor@277-322","callee=open","basic block: 277:33-322:13"
"path: /home/sixsquare/codeQL/projects/django/tests/i18n/test_extraction.py","call function: 327:14-327:49","call in function: test_special_char_extracted@324-329","callee=open","basic block: 324:37-329:70"
"path: /home/sixsquare/codeQL/projects/django/tests/i18n/test_extraction.py","call function: 334:14-334:31","call in function: test_blocktranslate_trimmed@331-347","callee=open","basic block: 331:37-347:9"
"path: /home/sixsquare/codeQL/projects/django/tests/i18n/test_extraction.py","call function: 371:9-371:59","call in function: test_unicode_file_name@370-372","callee=open","basic block: 370:32-372:77"
"path: /home/sixsquare/codeQL/projects/django/tests/i18n/test_extraction.py","call function: 390:14-390:31","call in function: test_template_message_context_extractor@383-425","callee=open","basic block: 383:49-403:27"
"path: /home/sixsquare/codeQL/projects/django/tests/i18n/test_extraction.py","call function: 430:14-430:31","call in function: test_context_in_single_quotes@427-444","callee=open","basic block: 427:39-444:13"
"path: /home/sixsquare/codeQL/projects/django/tests/i18n/test_extraction.py","call function: 480:14-480:31","call in function: test_template_comments@446-513","callee=open","basic block: 460:13-513:69"
"path: /home/sixsquare/codeQL/projects/django/tests/i18n/test_extraction.py","call function: 582:14-582:55","call in function: test_po_file_encoding_when_updating@573-584","callee=open","basic block: 573:45-584:51"
"path: /home/sixsquare/codeQL/projects/django/tests/i18n/test_extraction.py","call function: 598:14-598:42","call in function: test_pot_charset_header_is_utf8@586-604","callee=tempfile.NamedTemporaryFile","basic block: 586:41-604:66"
"path: /home/sixsquare/codeQL/projects/django/tests/i18n/test_extraction.py","call function: 601:14-601:49","call in function: test_pot_charset_header_is_utf8@586-604","callee=open","basic block: 586:41-604:66"
"path: /home/sixsquare/codeQL/projects/django/tests/i18n/test_extraction.py","call function: 733:9-733:71","call in function: test_i18n_catalog_ignored_when_invoked_for_django@727-736","callee=open","basic block: 727:59-736:85"
"path: /home/sixsquare/codeQL/projects/django/tests/i18n/test_extraction.py","call function: 745:9-745:34","call in function: test_i18n_catalog_not_ignored_when_not_invoked_for_django@738-748","callee=open","basic block: 738:67-748:62"
"path: /home/sixsquare/codeQL/projects/django/tests/i18n/test_extraction.py","call function: 807:14-807:31","call in function: test_symlink@796-812","callee=open","basic block: 803:9-812:9"
"path: /home/sixsquare/codeQL/projects/django/tests/i18n/test_extraction.py","call function: 821:14-821:31","call in function: test_copy_plural_forms@818-823","callee=open","basic block: 818:32-823:83"
"path: /home/sixsquare/codeQL/projects/django/tests/i18n/test_extraction.py","call function: 831:14-831:52","call in function: test_override_plural_forms@825-838","callee=open","basic block: 825:36-838:43"
"path: /home/sixsquare/codeQL/projects/django/tests/i18n/test_extraction.py","call function: 850:14-850:31","call in function: test_translate_and_plural_blocktranslate_collision@840-861","callee=open","basic block: 840:60-861:13"
"path: /home/sixsquare/codeQL/projects/django/tests/i18n/test_extraction.py","call function: 870:14-870:31","call in function: test_no_wrap_enabled@865-876","callee=open","basic block: 865:30-876:13"
"path: /home/sixsquare/codeQL/projects/django/tests/i18n/test_extraction.py","call function: 883:14-883:31","call in function: test_no_wrap_disabled@878-890","callee=open","basic block: 878:31-890:13"
"path: /home/sixsquare/codeQL/projects/django/tests/i18n/test_extraction.py","call function: 923:14-923:31","call in function: test_location_comments_for_templatized_files@916-927","callee=open","basic block: 916:54-927:84"
"path: /home/sixsquare/codeQL/projects/django/tests/i18n/test_extraction.py","call function: 970:14-970:31","call in function: test_no_obsolete@965-975","callee=open","basic block: 965:26-975:74"
"path: /home/sixsquare/codeQL/projects/django/tests/i18n/test_extraction.py","call function: 1119:18-1119:40","call in function: _test_project_locale_paths@1097-1125","callee=open","basic block: 1097:36-1125:80"
"path: /home/sixsquare/codeQL/projects/django/tests/i18n/test_extraction.py","call function: 1123:18-1123:36","call in function: _test_project_locale_paths@1097-1125","callee=open","basic block: 1097:36-1125:80"
"path: /home/sixsquare/codeQL/projects/django/tests/i18n/test_extraction.py","call function: 1149:13-1149:43","call in function: setUp@1139-1152","callee=pathlib.Path.write_text","basic block: 1145:27-1149:43"
"path: /home/sixsquare/codeQL/projects/django/tests/model_fields/test_filefield.py","call function: 68:14-68:55","call in function: test_save_without_name@67-73","callee=tempfile.NamedTemporaryFile","basic block: 67:32-73:31"
"path: /home/sixsquare/codeQL/projects/django/tests/model_fields/test_filefield.py","call function: 138:14-138:42","call in function: test_media_root_pathlib@137-149","callee=tempfile.TemporaryDirectory","basic block: 137:33-149:21"
"path: /home/sixsquare/codeQL/projects/django/tests/model_fields/test_filefield.py","call function: 152:14-152:42","call in function: test_pickle@151-192","callee=tempfile.TemporaryDirectory","basic block: 151:21-159:37"
"path: /home/sixsquare/codeQL/projects/django/tests/model_fields/test_filefield.py","call function: 154:22-154:41","call in function: test_pickle@151-192","callee=open","basic block: 151:21-159:37"
"path: /home/sixsquare/codeQL/projects/django/tests/responses/test_fileresponse.py","call function: 138:21-138:40","call in function: test_content_disposition_file@123-144","callee=open","basic block: 132:13-144:17"
"path: /home/sixsquare/codeQL/projects/django/tests/responses/test_fileresponse.py","call function: 20:33-20:52","call in function: test_content_length_file@19-24","callee=open","basic block: 19:34-24:9"
"path: /home/sixsquare/codeQL/projects/django/tests/responses/test_fileresponse.py","call function: 31:16-31:35","call in function: test_content_length_nonzero_starting_position_file@30-37","callee=open","basic block: 30:60-37:9"
"path: /home/sixsquare/codeQL/projects/django/tests/responses/test_fileresponse.py","call function: 54:30-54:56","call in function: __init__@53-54","callee=open","basic block: 53:26-54:26"
"path: /home/sixsquare/codeQL/projects/django/tests/responses/test_fileresponse.py","call function: 54:30-54:56","call in function: test_content_length_nonzero_starting_position_file_seekable_no_tell@51-86","callee=open","basic block: 53:26-54:26"
"path: /home/sixsquare/codeQL/projects/django/tests/responses/test_fileresponse.py","call function: 89:33-89:52","call in function: test_content_type_file@88-91","callee=open","basic block: 88:32-91:88"
"path: /home/sixsquare/codeQL/projects/django/tests/responses/test_fileresponse.py","call function: 235:14-235:42","call in function: test_file_from_named_pipe_response@234-246","callee=tempfile.TemporaryDirectory","basic block: 234:44-246:67"
"path: /home/sixsquare/codeQL/projects/django/tests/responses/test_fileresponse.py","call function: 238:29-238:75","call in function: test_file_from_named_pipe_response@234-246","callee=os.open","basic block: 234:44-246:67"
"path: /home/sixsquare/codeQL/projects/django/tests/responses/test_fileresponse.py","call function: 239:18-239:38","call in function: test_file_from_named_pipe_response@234-246","callee=open","basic block: 234:44-246:67"
"path: /home/sixsquare/codeQL/projects/django/tests/responses/test_fileresponse.py","call function: 263:22-263:66","call in function: test_compressed_response@248-266","callee=tempfile.NamedTemporaryFile","basic block: 261:13-266:73"
"path: /home/sixsquare/codeQL/projects/django/tests/utils_tests/test_html.py","call function: 200:22-200:31","call in function: test_strip_tags_files@194-207","callee=open","basic block: 197:13-207:47"
"path: /home/sixsquare/codeQL/projects/django/tests/forms_tests/field_tests/test_imagefield.py","call function: 29:14-29:33","call in function: test_imagefield_annotate_with_image_after_clean@25-38","callee=open","basic block: 25:57-38:65"
"path: /home/sixsquare/codeQL/projects/django/tests/forms_tests/field_tests/test_imagefield.py","call function: 51:18-51:37","call in function: test_imagefield_annotate_with_bitmap_image_after_clean@40-62","callee=open","basic block: 50:13-51:37"
"path: /home/sixsquare/codeQL/projects/django/tests/forms_tests/field_tests/test_imagefield.py","call function: 67:14-67:33","call in function: test_file_extension_validation@64-73","callee=open","basic block: 64:40-73:29"
"path: /home/sixsquare/codeQL/projects/django/tests/model_fields/test_imagefield.py","call function: 61:32-61:53","call in function: setUp@49-65","callee=open","basic block: 58:9-65:41"
"path: /home/sixsquare/codeQL/projects/django/tests/model_fields/test_imagefield.py","call function: 64:32-64:53","call in function: setUp@49-65","callee=open","basic block: 58:9-65:41"
"path: /home/sixsquare/codeQL/projects/django/tests/template_tests/test_loaders.py","call function: 221:14-221:42","call in function: test_permissions_error@220-227","callee=tempfile.NamedTemporaryFile","basic block: 220:32-227:58"
"path: /home/sixsquare/codeQL/projects/django/tests/staticfiles_tests/test_management.py","call function: 66:14-66:41","call in function: _get_file@62-67","callee=open","basic block: 62:19-67:27"
"path: /home/sixsquare/codeQL/projects/django/tests/staticfiles_tests/test_management.py","call function: 298:14-298:38","call in function: run_collectstatic@296-300","callee=open","basic block: 296:27-300:55"
"path: /home/sixsquare/codeQL/projects/django/tests/staticfiles_tests/test_management.py","call function: 398:14-400:9","call in function: test_no_warning_for_empty_staticdir@396-406","callee=tempfile.TemporaryDirectory","basic block: 396:45-406:52"
"path: /home/sixsquare/codeQL/projects/django/tests/staticfiles_tests/test_management.py","call function: 484:25-484:42","call in function: setUp@483-517","callee=tempfile.mkdtemp","basic block: 483:15-517:23"
"path: /home/sixsquare/codeQL/projects/django/tests/staticfiles_tests/test_management.py","call function: 502:14-502:72","call in function: setUp@483-517","callee=open","basic block: 483:15-517:23"
"path: /home/sixsquare/codeQL/projects/django/tests/staticfiles_tests/test_management.py","call function: 506:14-506:43","call in function: setUp@483-517","callee=open","basic block: 483:15-517:23"
"path: /home/sixsquare/codeQL/projects/django/tests/staticfiles_tests/test_management.py","call function: 572:14-572:42","call in function: test_warning_at_verbosity_2@567-580","callee=tempfile.TemporaryDirectory","basic block: 567:37-580:54"
"path: /home/sixsquare/codeQL/projects/django/tests/staticfiles_tests/test_management.py","call function: 575:18-575:38","call in function: test_warning_at_verbosity_2@567-580","callee=open","basic block: 567:37-580:54"
"path: /home/sixsquare/codeQL/projects/django/tests/staticfiles_tests/test_management.py","call function: 586:14-586:42","call in function: test_no_warning_at_verbosity_1@582-595","callee=tempfile.TemporaryDirectory","basic block: 582:40-595:62"
"path: /home/sixsquare/codeQL/projects/django/tests/staticfiles_tests/test_management.py","call function: 589:18-589:38","call in function: test_no_warning_at_verbosity_1@582-595","callee=open","basic block: 582:40-595:62"
"path: /home/sixsquare/codeQL/projects/django/tests/staticfiles_tests/test_management.py","call function: 601:14-601:42","call in function: test_summary_multiple_conflicts@597-614","callee=tempfile.TemporaryDirectory","basic block: 597:41-614:62"
"path: /home/sixsquare/codeQL/projects/django/tests/staticfiles_tests/test_management.py","call function: 604:18-604:39","call in function: test_summary_multiple_conflicts@597-614","callee=open","basic block: 597:41-614:62"
"path: /home/sixsquare/codeQL/projects/django/tests/staticfiles_tests/test_management.py","call function: 607:18-607:39","call in function: test_summary_multiple_conflicts@597-614","callee=open","basic block: 597:41-614:62"
"path: /home/sixsquare/codeQL/projects/django/tests/i18n/test_percents.py","call function: 43:14-43:31","call in function: setUp@41-44","callee=open","basic block: 41:15-44:28"
"path: /home/sixsquare/codeQL/projects/django/tests/gis_tests/gdal_tests/test_raster.py","call function: 153:19-153:51","call in function: test_file_based_raster_creation@151-190","callee=tempfile.NamedTemporaryFile","basic block: 151:41-185:16"
"path: /home/sixsquare/codeQL/projects/django/tests/gis_tests/gdal_tests/test_raster.py","call function: 153:19-153:51","call in function: test_file_based_raster_creation@151-190","callee=django.core.files.temp.NamedTemporaryFile","basic block: 151:41-185:16"
"path: /home/sixsquare/codeQL/projects/django/tests/gis_tests/gdal_tests/test_raster.py","call function: 199:14-199:37","call in function: test_vsi_raster_creation@197-208","callee=open","basic block: 197:34-205:16"
"path: /home/sixsquare/codeQL/projects/django/tests/gis_tests/gdal_tests/test_raster.py","call function: 269:23-269:55","call in function: test_vsi_vsizip_filesystem@268-277","callee=tempfile.NamedTemporaryFile","basic block: 268:36-277:41"
"path: /home/sixsquare/codeQL/projects/django/tests/gis_tests/gdal_tests/test_raster.py","call function: 269:23-269:55","call in function: test_vsi_vsizip_filesystem@268-277","callee=django.core.files.temp.NamedTemporaryFile","basic block: 268:36-277:41"
"path: /home/sixsquare/codeQL/projects/django/tests/gis_tests/gdal_tests/test_raster.py","call function: 412:19-412:51","call in function: test_compressed_file_based_raster_creation@411-464","callee=tempfile.NamedTemporaryFile","basic block: 411:52-425:32"
"path: /home/sixsquare/codeQL/projects/django/tests/gis_tests/gdal_tests/test_raster.py","call function: 412:19-412:51","call in function: test_compressed_file_based_raster_creation@411-464","callee=django.core.files.temp.NamedTemporaryFile","basic block: 411:52-425:32"
"path: /home/sixsquare/codeQL/projects/django/tests/gis_tests/gdal_tests/test_raster.py","call function: 569:19-569:51","call in function: test_raster_clone@568-604","callee=tempfile.NamedTemporaryFile","basic block: 568:27-574:47"
"path: /home/sixsquare/codeQL/projects/django/tests/gis_tests/gdal_tests/test_raster.py","call function: 569:19-569:51","call in function: test_raster_clone@568-604","callee=django.core.files.temp.NamedTemporaryFile","basic block: 568:27-574:47"
"path: /home/sixsquare/codeQL/projects/django/tests/gis_tests/gdal_tests/test_raster.py","call function: 615:27-615:59","call in function: test_raster_transform@606-711","callee=tempfile.NamedTemporaryFile","basic block: 612:13-654:24"
"path: /home/sixsquare/codeQL/projects/django/tests/gis_tests/gdal_tests/test_raster.py","call function: 615:27-615:59","call in function: test_raster_transform@606-711","callee=django.core.files.temp.NamedTemporaryFile","basic block: 612:13-654:24"
"path: /home/sixsquare/codeQL/projects/django/tests/gis_tests/gdal_tests/test_raster.py","call function: 716:23-716:55","call in function: test_raster_transform_clone@713-740","callee=tempfile.NamedTemporaryFile","basic block: 713:37-740:56"
"path: /home/sixsquare/codeQL/projects/django/tests/gis_tests/gdal_tests/test_raster.py","call function: 716:23-716:55","call in function: test_raster_transform_clone@713-740","callee=django.core.files.temp.NamedTemporaryFile","basic block: 713:37-740:56"
"path: /home/sixsquare/codeQL/projects/django/tests/gis_tests/gdal_tests/test_raster.py","call function: 744:19-744:51","call in function: test_raster_transform_clone_name@742-767","callee=tempfile.NamedTemporaryFile","basic block: 742:42-767:49"
"path: /home/sixsquare/codeQL/projects/django/tests/gis_tests/gdal_tests/test_raster.py","call function: 744:19-744:51","call in function: test_raster_transform_clone_name@742-767","callee=django.core.files.temp.NamedTemporaryFile","basic block: 742:42-767:49"
"path: /home/sixsquare/codeQL/projects/django/tests/gis_tests/gdal_tests/test_raster.py","call function: 795:14-795:42","call in function: test_band_statistics@794-820","callee=tempfile.TemporaryDirectory","basic block: 794:30-820:53"
"path: /home/sixsquare/codeQL/projects/django/tests/project_template/test_settings.py","call function: 12:25-12:53","call in function: setUp@11-21","callee=tempfile.TemporaryDirectory","basic block: 11:15-21:63"
"path: /home/sixsquare/codeQL/projects/django/tests/view_tests/tests/test_static.py","call function: 119:14-119:56","call in function: test_invalid_if_modified_since2@106-121","callee=open","basic block: 106:41-121:88"
"path: /home/sixsquare/codeQL/projects/django/tests/view_tests/tests/test_static.py","call function: 31:18-31:38","call in function: test_serve@24-39","callee=open","basic block: 27:13-39:13"
"path: /home/sixsquare/codeQL/projects/django/tests/view_tests/tests/test_static.py","call function: 64:14-64:56","call in function: test_copes_with_empty_path_component@60-65","callee=open","basic block: 60:46-65:57"
"path: /home/sixsquare/codeQL/projects/django/tests/view_tests/tests/test_static.py","call function: 74:14-74:56","call in function: test_is_modified_since@67-75","callee=open","basic block: 67:32-75:57"
"path: /home/sixsquare/codeQL/projects/django/tests/view_tests/tests/test_static.py","call function: 102:14-102:56","call in function: test_invalid_if_modified_since@89-104","callee=open","basic block: 89:40-104:88"
"path: /home/sixsquare/codeQL/projects/django/tests/staticfiles_tests/test_storage.py","call function: 424:20-424:37","call in function: setUp@421-436","callee=tempfile.mkdtemp","basic block: 421:15-436:29"
"path: /home/sixsquare/codeQL/projects/django/tests/staticfiles_tests/test_storage.py","call function: 427:14-427:44","call in function: setUp@421-436","callee=open","basic block: 421:15-436:29"
"path: /home/sixsquare/codeQL/projects/django/tests/staticfiles_tests/test_storage.py","call function: 759:30-759:47","call in function: setUp@758-769","callee=tempfile.mkdtemp","basic block: 758:15-769:51"
"path: /home/sixsquare/codeQL/projects/django/tests/staticfiles_tests/test_storage.py","call function: 912:37-912:54","call in function: setUp@910-914","callee=tempfile.mkdtemp","basic block: 910:15-914:48"
"path: /home/sixsquare/codeQL/projects/django/tests/staticfiles_tests/test_storage.py","call function: 927:18-927:61","call in function: test_file_change_after_collectstatic@919-953","callee=open","basic block: 926:13-928:32"
"path: /home/sixsquare/codeQL/projects/django/tests/staticfiles_tests/test_storage.py","call function: 943:22-943:67","call in function: test_file_change_after_collectstatic@919-953","callee=open","basic block: 942:17-944:70"
"path: /home/sixsquare/codeQL/projects/django/tests/backends/sqlite/tests.py","call function: 100:14-100:42","call in function: test_pathlib_name@99-110","callee=tempfile.TemporaryDirectory","basic block: 99:27-110:73"
"path: /home/sixsquare/codeQL/projects/django/tests/gis_tests/geoapp/tests.py","call function: 236:14-236:57","call in function: test_dumpdata_loaddata_cycle@224-240","callee=tempfile.NamedTemporaryFile","basic block: 224:38-240:76"
"path: /home/sixsquare/codeQL/projects/django/tests/gis_tests/geoapp/tests.py","call function: 236:14-236:57","call in function: test_dumpdata_loaddata_cycle@224-240","callee=django.core.files.temp.NamedTemporaryFile","basic block: 224:38-240:76"
"path: /home/sixsquare/codeQL/projects/django/django/test/testcases.py","call function: 1890:25-1890:42","call in function: setUpClass@1889-1893","callee=open","basic block: 1889:20-1893:28"
"path: /home/sixsquare/codeQL/projects/django/tests/cache/tests.py","call function: 1728:16-1728:33","call in function: mkdtemp@1727-1728","callee=tempfile.mkdtemp","basic block: 1727:17-1728:33"
"path: /home/sixsquare/codeQL/projects/django/tests/cache/tests.py","call function: 1732:14-1732:29","call in function: test_ignores_non_cache_files@1730-1738","callee=open","basic block: 1730:38-1738:24"
"path: /home/sixsquare/codeQL/projects/django/tests/cache/tests.py","call function: 1786:14-1786:35","call in function: test_empty_cache_file_considered_expired@1784-1789","callee=open","basic block: 1784:50-1789:54"
"path: /home/sixsquare/codeQL/projects/django/tests/cache/tests.py","call function: 1788:14-1788:35","call in function: test_empty_cache_file_considered_expired@1784-1789","callee=open","basic block: 1784:50-1789:54"
"path: /home/sixsquare/codeQL/projects/django/tests/files/tests.py","call function: 76:20-76:39","call in function: test_namedtemporaryfile_closes@69-81","callee=tempfile.NamedTemporaryFile","basic block: 69:40-81:40"
"path: /home/sixsquare/codeQL/projects/django/tests/files/tests.py","call function: 76:20-76:39","call in function: test_namedtemporaryfile_closes@69-81","callee=django.core.files.temp.NamedTemporaryFile","basic block: 69:40-81:40"
"path: /home/sixsquare/codeQL/projects/django/tests/files/tests.py","call function: 162:13-162:40","call in function: test_writable@154-165","callee=tempfile.TemporaryFile","basic block: 154:23-165:50"
"path: /home/sixsquare/codeQL/projects/django/tests/files/tests.py","call function: 507:14-507:54","call in function: test_file_move_ensure_truncation@499-518","callee=tempfile.NamedTemporaryFile","basic block: 499:42-518:45"
"path: /home/sixsquare/codeQL/projects/django/tests/files/tests.py","call function: 523:14-523:44","call in function: test_in_memory_spooled_temp@522-526","callee=tempfile.SpooledTemporaryFile","basic block: 522:37-526:50"
"path: /home/sixsquare/codeQL/projects/django/tests/files/tests.py","call function: 44:21-44:44","call in function: test_context_manager@43-50","callee=tempfile.TemporaryFile","basic block: 43:30-50:41"
"path: /home/sixsquare/codeQL/projects/django/tests/files/tests.py","call function: 59:26-59:66","call in function: test_open_reopens_closed_file_and_returns_context_manager@58-67","callee=tempfile.NamedTemporaryFile","basic block: 58:67-62:22"
"path: /home/sixsquare/codeQL/projects/django/tests/files/tests.py","call function: 148:13-148:36","call in function: test_readable@146-152","callee=tempfile.TemporaryFile","basic block: 146:23-152:46"
"path: /home/sixsquare/codeQL/projects/django/tests/files/tests.py","call function: 156:13-156:36","call in function: test_writable@154-165","callee=tempfile.TemporaryFile","basic block: 154:23-165:50"
"path: /home/sixsquare/codeQL/projects/django/tests/files/tests.py","call function: 169:13-169:36","call in function: test_seekable@167-173","callee=tempfile.TemporaryFile","basic block: 167:23-173:46"
"path: /home/sixsquare/codeQL/projects/django/tests/files/tests.py","call function: 178:13-178:36","call in function: test_io_wrapper@175-190","callee=tempfile.TemporaryFile","basic block: 175:25-190:70"
"path: /home/sixsquare/codeQL/projects/django/tests/files/tests.py","call function: 194:14-194:28","call in function: test_exclusive_lock@192-198","callee=open","basic block: 192:29-198:49"
"path: /home/sixsquare/codeQL/projects/django/tests/files/tests.py","call function: 194:37-194:51","call in function: test_exclusive_lock@192-198","callee=open","basic block: 192:29-198:49"
"path: /home/sixsquare/codeQL/projects/django/tests/files/tests.py","call function: 202:14-202:28","call in function: test_shared_lock@200-206","callee=open","basic block: 200:26-206:49"
"path: /home/sixsquare/codeQL/projects/django/tests/files/tests.py","call function: 202:37-202:51","call in function: test_shared_lock@200-206","callee=open","basic block: 200:26-206:49"
"path: /home/sixsquare/codeQL/projects/django/tests/files/tests.py","call function: 214:20-214:39","call in function: test_open_supports_full_signature@208-221","callee=os.open","basic block: 211:20-214:39"
"path: /home/sixsquare/codeQL/projects/django/tests/files/tests.py","call function: 214:20-214:39","call in function: opener@211-214","callee=os.open","basic block: 211:20-214:39"
"path: /home/sixsquare/codeQL/projects/django/tests/files/tests.py","call function: 217:14-217:28","call in function: test_open_supports_full_signature@208-221","callee=open","basic block: 208:43-221:39"
"path: /home/sixsquare/codeQL/projects/django/tests/files/tests.py","call function: 289:14-289:42","call in function: test_file_upload_temp_dir_pathlib@288-294","callee=tempfile.TemporaryDirectory","basic block: 288:43-294:72"
"path: /home/sixsquare/codeQL/projects/django/tests/files/tests.py","call function: 338:32-338:42","call in function: test_closing_of_filenames@314-347","callee=open","basic block: 337:28-338:43"
"path: /home/sixsquare/codeQL/projects/django/tests/files/tests.py","call function: 338:32-338:42","call in function: catching_open@337-338","callee=open","basic block: 337:28-338:43"
"path: /home/sixsquare/codeQL/projects/django/tests/files/tests.py","call function: 362:14-362:33","call in function: test_multiple_calls@357-368","callee=open","basic block: 357:29-368:40"
"path: /home/sixsquare/codeQL/projects/django/tests/files/tests.py","call function: 379:14-379:33","call in function: test_bug_19457@371-380","callee=open","basic block: 371:24-380:55"
"path: /home/sixsquare/codeQL/projects/django/tests/files/tests.py","call function: 394:14-394:33","call in function: test_invalid_image@385-396","callee=open","basic block: 385:28-396:48"
"path: /home/sixsquare/codeQL/projects/django/tests/files/tests.py","call function: 408:18-408:37","call in function: test_valid_image@398-410","callee=open","basic block: 398:26-410:52"
"path: /home/sixsquare/codeQL/projects/django/tests/files/tests.py","call function: 419:14-419:33","call in function: test_webp@417-421","callee=open","basic block: 417:19-421:42"
"path: /home/sixsquare/codeQL/projects/django/tests/files/tests.py","call function: 426:33-426:50","call in function: test_file_move_overwrite@425-441","callee=tempfile.mkstemp","basic block: 425:34-441:26"
"path: /home/sixsquare/codeQL/projects/django/tests/files/tests.py","call function: 427:33-427:50","call in function: test_file_move_overwrite@425-441","callee=tempfile.mkstemp","basic block: 425:34-441:26"
"path: /home/sixsquare/codeQL/projects/django/tests/files/tests.py","call function: 453:33-453:50","call in function: test_file_move_permissionerror@443-497","callee=tempfile.mkstemp","basic block: 443:40-459:21"
"path: /home/sixsquare/codeQL/projects/django/tests/files/tests.py","call function: 454:33-454:50","call in function: test_file_move_permissionerror@443-497","callee=tempfile.mkstemp","basic block: 443:40-459:21"
"path: /home/sixsquare/codeQL/projects/django/tests/files/tests.py","call function: 455:33-455:50","call in function: test_file_move_permissionerror@443-497","callee=tempfile.mkstemp","basic block: 443:40-459:21"
"path: /home/sixsquare/codeQL/projects/django/tests/files/tests.py","call function: 500:14-500:54","call in function: test_file_move_ensure_truncation@499-518","callee=tempfile.NamedTemporaryFile","basic block: 499:42-518:45"
"path: /home/sixsquare/codeQL/projects/django/tests/files/tests.py","call function: 515:14-515:34","call in function: test_file_move_ensure_truncation@499-518","callee=open","basic block: 499:42-518:45"
"path: /home/sixsquare/codeQL/projects/django/tests/files/tests.py","call function: 529:14-529:54","call in function: test_written_spooled_temp@528-532","callee=tempfile.SpooledTemporaryFile","basic block: 528:35-532:50"
"path: /home/sixsquare/codeQL/projects/django/tests/asgi/tests.py","call function: 108:14-108:38","call in function: test_file_response@98-138","callee=open","basic block: 98:34-122:33"
"path: /home/sixsquare/codeQL/projects/django/tests/asgi/tests.py","call function: 157:14-157:34","call in function: test_static_file_response@149-177","callee=open","basic block: 149:41-177:33"
"path: /home/sixsquare/codeQL/projects/django/tests/asgi/tests.py","call function: 694:14-694:69","call in function: test_read_body_thread@675-734","callee=tempfile.SpooledTemporaryFile","basic block: 675:37-734:70"
"path: /home/sixsquare/codeQL/projects/django/tests/asgi/tests.py","call function: 721:13-721:66","call in function: test_read_body_thread@675-734","callee=tempfile.SpooledTemporaryFile","basic block: 675:37-734:70"
"path: /home/sixsquare/codeQL/projects/django/tests/fixtures/tests.py","call function: 89:46-89:66","call in function: _dumpdata_assert@76-131","callee=tempfile.gettempdir","basic block: 89:33-89:77"
"path: /home/sixsquare/codeQL/projects/django/tests/fixtures/tests.py","call function: 121:18-121:45","call in function: _dumpdata_assert@76-131","callee=open","basic block: 121:18-123:32"
"path: /home/sixsquare/codeQL/projects/django/tests/fixtures/tests.py","call function: 792:14-792:33","call in function: test_dumpdata_progressbar@784-812","callee=tempfile.NamedTemporaryFile","basic block: 784:35-812:51"
"path: /home/sixsquare/codeQL/projects/django/tests/fixtures/tests.py","call function: 792:14-792:33","call in function: test_dumpdata_progressbar@784-812","callee=django.core.files.temp.NamedTemporaryFile","basic block: 784:35-812:51"
"path: /home/sixsquare/codeQL/projects/django/tests/fixtures/tests.py","call function: 1138:67-1138:84","call in function: test_loading_stdin@1131-1157","callee=open","basic block: 1131:28-1157:13"
"path: /home/sixsquare/codeQL/projects/django/tests/fixtures/tests.py","call function: 1147:67-1147:83","call in function: test_loading_stdin@1131-1157","callee=open","basic block: 1131:28-1157:13"
"path: /home/sixsquare/codeQL/projects/django/tests/httpwrappers/tests.py","call function: 815:17-815:30","call in function: test_response@811-827","callee=open","basic block: 811:23-827:37"
"path: /home/sixsquare/codeQL/projects/django/tests/httpwrappers/tests.py","call function: 822:17-822:30","call in function: test_response@811-827","callee=open","basic block: 811:23-827:37"
"path: /home/sixsquare/codeQL/projects/django/tests/httpwrappers/tests.py","call function: 823:17-823:30","call in function: test_response@811-827","callee=open","basic block: 811:23-827:37"
"path: /home/sixsquare/codeQL/projects/django/tests/httpwrappers/tests.py","call function: 833:17-833:30","call in function: test_streaming_response@829-849","callee=open","basic block: 829:33-849:37"
"path: /home/sixsquare/codeQL/projects/django/tests/httpwrappers/tests.py","call function: 841:17-841:30","call in function: test_streaming_response@829-849","callee=open","basic block: 829:33-849:37"
"path: /home/sixsquare/codeQL/projects/django/tests/httpwrappers/tests.py","call function: 842:17-842:30","call in function: test_streaming_response@829-849","callee=open","basic block: 829:33-849:37"
"path: /home/sixsquare/codeQL/projects/django/tests/i18n/tests.py","call function: 139:18-139:46","call in function: test_multiple_plurals_merge@137-176","callee=tempfile.TemporaryDirectory","basic block: 138:45-146:25"
"path: /home/sixsquare/codeQL/projects/django/tests/i18n/tests.py","call function: 139:18-139:46","call in function: _create_translation_from_string@138-152","callee=tempfile.TemporaryDirectory","basic block: 138:45-146:25"
"path: /home/sixsquare/codeQL/projects/django/tests/i18n/tests.py","call function: 2149:14-2149:42","call in function: test_check_for_language@2148-2161","callee=tempfile.TemporaryDirectory","basic block: 2148:33-2161:69"
"path: /home/sixsquare/codeQL/projects/django/tests/i18n/tests.py","call function: 2151:13-2156:13","call in function: test_check_for_language@2148-2161","callee=open","basic block: 2148:33-2161:69"
"path: /home/sixsquare/codeQL/projects/django/tests/i18n/tests.py","call function: 2192:14-2192:42","call in function: test_i18n_locale_paths@2190-2195","callee=tempfile.TemporaryDirectory","basic block: 2190:32-2195:77"
"path: /home/sixsquare/codeQL/projects/django/tests/sessions_tests/tests.py","call function: 886:16-886:33","call in function: mkdtemp@885-886","callee=tempfile.mkdtemp","basic block: 885:17-886:33"
"path: /home/sixsquare/codeQL/projects/django/tests/file_uploads/tests.py","call function: 496:13-496:39","call in function: test_content_type_extra@491-514","callee=tempfile.NamedTemporaryFile","basic block: 491:33-514:81"
"path: /home/sixsquare/codeQL/projects/django/tests/file_uploads/tests.py","call function: 496:13-496:39","call in function: test_content_type_extra@491-514","callee=django.core.files.temp.NamedTemporaryFile","basic block: 491:33-514:81"
"path: /home/sixsquare/codeQL/projects/django/tests/file_uploads/tests.py","call function: 463:13-463:39","call in function: test_file_content@460-489","callee=tempfile.NamedTemporaryFile","basic block: 460:27-489:66"
"path: /home/sixsquare/codeQL/projects/django/tests/file_uploads/tests.py","call function: 463:13-463:39","call in function: test_file_content@460-489","callee=django.core.files.temp.NamedTemporaryFile","basic block: 460:27-489:66"
"path: /home/sixsquare/codeQL/projects/django/tests/file_uploads/tests.py","call function: 90:14-90:33","call in function: test_simple_upload@89-96","callee=open","basic block: 89:28-96:51"
"path: /home/sixsquare/codeQL/projects/django/tests/file_uploads/tests.py","call function: 100:14-100:34","call in function: test_large_upload@98-126","callee=tempfile.NamedTemporaryFile","basic block: 98:27-113:38"
"path: /home/sixsquare/codeQL/projects/django/tests/file_uploads/tests.py","call function: 100:14-100:34","call in function: test_large_upload@98-126","callee=django.core.files.temp.NamedTemporaryFile","basic block: 98:27-113:38"
"path: /home/sixsquare/codeQL/projects/django/tests/file_uploads/tests.py","call function: 100:46-100:66","call in function: test_large_upload@98-126","callee=tempfile.NamedTemporaryFile","basic block: 98:27-113:38"
"path: /home/sixsquare/codeQL/projects/django/tests/file_uploads/tests.py","call function: 100:46-100:66","call in function: test_large_upload@98-126","callee=django.core.files.temp.NamedTemporaryFile","basic block: 98:27-113:38"
"path: /home/sixsquare/codeQL/projects/django/tests/file_uploads/tests.py","call function: 186:14-186:46","call in function: test_unicode_file_name@185-193","callee=tempfile.TemporaryDirectory","basic block: 185:32-193:55"
"path: /home/sixsquare/codeQL/projects/django/tests/file_uploads/tests.py","call function: 189:18-189:70","call in function: test_unicode_file_name@185-193","callee=open","basic block: 185:32-193:55"
"path: /home/sixsquare/codeQL/projects/django/tests/file_uploads/tests.py","call function: 464:13-464:39","call in function: test_file_content@460-489","callee=tempfile.NamedTemporaryFile","basic block: 460:27-489:66"
"path: /home/sixsquare/codeQL/projects/django/tests/file_uploads/tests.py","call function: 464:13-464:39","call in function: test_file_content@460-489","callee=django.core.files.temp.NamedTemporaryFile","basic block: 460:27-489:66"
"path: /home/sixsquare/codeQL/projects/django/tests/file_uploads/tests.py","call function: 495:13-495:39","call in function: test_content_type_extra@491-514","callee=tempfile.NamedTemporaryFile","basic block: 491:33-514:81"
"path: /home/sixsquare/codeQL/projects/django/tests/file_uploads/tests.py","call function: 495:13-495:39","call in function: test_content_type_extra@491-514","callee=django.core.files.temp.NamedTemporaryFile","basic block: 491:33-514:81"
"path: /home/sixsquare/codeQL/projects/django/tests/file_uploads/tests.py","call function: 558:14-558:19","call in function: test_custom_upload_handler@556-571","callee=tempfile.NamedTemporaryFile","basic block: 556:36-571:85"
"path: /home/sixsquare/codeQL/projects/django/tests/file_uploads/tests.py","call function: 558:14-558:19","call in function: test_custom_upload_handler@556-571","callee=django.core.files.temp.NamedTemporaryFile","basic block: 556:36-571:85"
"path: /home/sixsquare/codeQL/projects/django/tests/file_uploads/tests.py","call function: 558:35-558:40","call in function: test_custom_upload_handler@556-571","callee=tempfile.NamedTemporaryFile","basic block: 556:36-571:85"
"path: /home/sixsquare/codeQL/projects/django/tests/file_uploads/tests.py","call function: 558:35-558:40","call in function: test_custom_upload_handler@556-571","callee=django.core.files.temp.NamedTemporaryFile","basic block: 556:36-571:85"
"path: /home/sixsquare/codeQL/projects/django/tests/file_uploads/tests.py","call function: 574:14-574:42","call in function: test_broken_custom_upload_handler@573-582","callee=tempfile.NamedTemporaryFile","basic block: 573:43-582:63"
"path: /home/sixsquare/codeQL/projects/django/tests/file_uploads/tests.py","call function: 574:14-574:42","call in function: test_broken_custom_upload_handler@573-582","callee=django.core.files.temp.NamedTemporaryFile","basic block: 573:43-582:63"
"path: /home/sixsquare/codeQL/projects/django/tests/file_uploads/tests.py","call function: 585:14-585:42","call in function: test_stop_upload_temporary_file_handler@584-590","callee=tempfile.NamedTemporaryFile","basic block: 584:49-590:59"
"path: /home/sixsquare/codeQL/projects/django/tests/file_uploads/tests.py","call function: 585:14-585:42","call in function: test_stop_upload_temporary_file_handler@584-590","callee=django.core.files.temp.NamedTemporaryFile","basic block: 584:49-590:59"
"path: /home/sixsquare/codeQL/projects/django/tests/file_uploads/tests.py","call function: 602:14-602:42","call in function: test_upload_interrupted_temporary_file_handler@592-614","callee=tempfile.NamedTemporaryFile","basic block: 592:56-614:59"
"path: /home/sixsquare/codeQL/projects/django/tests/file_uploads/tests.py","call function: 602:14-602:42","call in function: test_upload_interrupted_temporary_file_handler@592-614","callee=django.core.files.temp.NamedTemporaryFile","basic block: 592:56-614:59"
"path: /home/sixsquare/codeQL/projects/django/tests/file_uploads/tests.py","call function: 669:14-669:19","call in function: test_fileupload_getlist@667-693","callee=tempfile.NamedTemporaryFile","basic block: 667:33-693:49"
"path: /home/sixsquare/codeQL/projects/django/tests/file_uploads/tests.py","call function: 669:14-669:19","call in function: test_fileupload_getlist@667-693","callee=django.core.files.temp.NamedTemporaryFile","basic block: 667:33-693:49"
"path: /home/sixsquare/codeQL/projects/django/tests/file_uploads/tests.py","call function: 669:31-669:36","call in function: test_fileupload_getlist@667-693","callee=tempfile.NamedTemporaryFile","basic block: 667:33-693:49"
"path: /home/sixsquare/codeQL/projects/django/tests/file_uploads/tests.py","call function: 669:31-669:36","call in function: test_fileupload_getlist@667-693","callee=django.core.files.temp.NamedTemporaryFile","basic block: 667:33-693:49"
"path: /home/sixsquare/codeQL/projects/django/tests/file_uploads/tests.py","call function: 669:48-669:53","call in function: test_fileupload_getlist@667-693","callee=tempfile.NamedTemporaryFile","basic block: 667:33-693:49"
"path: /home/sixsquare/codeQL/projects/django/tests/file_uploads/tests.py","call function: 669:48-669:53","call in function: test_fileupload_getlist@667-693","callee=django.core.files.temp.NamedTemporaryFile","basic block: 667:33-693:49"
"path: /home/sixsquare/codeQL/projects/django/tests/file_uploads/tests.py","call function: 697:14-697:19","call in function: test_fileuploads_closed_at_request_end@695-715","callee=tempfile.NamedTemporaryFile","basic block: 695:48-715:40"
"path: /home/sixsquare/codeQL/projects/django/tests/file_uploads/tests.py","call function: 697:14-697:19","call in function: test_fileuploads_closed_at_request_end@695-715","callee=django.core.files.temp.NamedTemporaryFile","basic block: 695:48-715:40"
"path: /home/sixsquare/codeQL/projects/django/tests/file_uploads/tests.py","call function: 697:28-697:33","call in function: test_fileuploads_closed_at_request_end@695-715","callee=tempfile.NamedTemporaryFile","basic block: 695:48-715:40"
"path: /home/sixsquare/codeQL/projects/django/tests/file_uploads/tests.py","call function: 697:28-697:33","call in function: test_fileuploads_closed_at_request_end@695-715","callee=django.core.files.temp.NamedTemporaryFile","basic block: 695:48-715:40"
"path: /home/sixsquare/codeQL/projects/django/tests/file_uploads/tests.py","call function: 697:43-697:48","call in function: test_fileuploads_closed_at_request_end@695-715","callee=tempfile.NamedTemporaryFile","basic block: 695:48-715:40"
"path: /home/sixsquare/codeQL/projects/django/tests/file_uploads/tests.py","call function: 697:43-697:48","call in function: test_fileuploads_closed_at_request_end@695-715","callee=django.core.files.temp.NamedTemporaryFile","basic block: 695:48-715:40"
"path: /home/sixsquare/codeQL/projects/django/tests/file_uploads/tests.py","call function: 719:14-719:19","call in function: test_no_parsing_triggered_by_fd_closing@717-730","callee=tempfile.NamedTemporaryFile","basic block: 717:49-730:52"
"path: /home/sixsquare/codeQL/projects/django/tests/file_uploads/tests.py","call function: 719:14-719:19","call in function: test_no_parsing_triggered_by_fd_closing@717-730","callee=django.core.files.temp.NamedTemporaryFile","basic block: 717:49-730:52"
"path: /home/sixsquare/codeQL/projects/django/tests/file_uploads/tests.py","call function: 719:28-719:33","call in function: test_no_parsing_triggered_by_fd_closing@717-730","callee=tempfile.NamedTemporaryFile","basic block: 717:49-730:52"
"path: /home/sixsquare/codeQL/projects/django/tests/file_uploads/tests.py","call function: 719:28-719:33","call in function: test_no_parsing_triggered_by_fd_closing@717-730","callee=django.core.files.temp.NamedTemporaryFile","basic block: 717:49-730:52"
"path: /home/sixsquare/codeQL/projects/django/tests/file_uploads/tests.py","call function: 719:43-719:48","call in function: test_no_parsing_triggered_by_fd_closing@717-730","callee=tempfile.NamedTemporaryFile","basic block: 717:49-730:52"
"path: /home/sixsquare/codeQL/projects/django/tests/file_uploads/tests.py","call function: 719:43-719:48","call in function: test_no_parsing_triggered_by_fd_closing@717-730","callee=django.core.files.temp.NamedTemporaryFile","basic block: 717:49-730:52"
"path: /home/sixsquare/codeQL/projects/django/tests/file_uploads/tests.py","call function: 761:14-761:33","call in function: test_file_error_blocking@732-777","callee=open","basic block: 759:31-767:27"
"path: /home/sixsquare/codeQL/projects/django/tests/mail/tests.py","call function: 1315:14-1315:42","call in function: test_backend_arg@1297-1329","callee=tempfile.TemporaryDirectory","basic block: 1297:26-1329:73"
"path: /home/sixsquare/codeQL/projects/django/tests/mail/tests.py","call function: 2628:16-2628:33","call in function: mkdtemp@2627-2628","callee=tempfile.mkdtemp","basic block: 2627:17-2628:33"
"path: /home/sixsquare/codeQL/projects/django/tests/mail/tests.py","call function: 2637:18-2637:65","call in function: get_mailbox_content@2634-2640","callee=open","basic block: 2636:13-2639:72"
"path: /home/sixsquare/codeQL/projects/django/tests/mail/tests.py","call function: 2655:14-2655:80","call in function: test_file_sessions@2642-2676","callee=open","basic block: 2642:28-2676:26"
"path: /home/sixsquare/codeQL/projects/django/tests/test_client/tests.py","call function: 998:14-998:37","call in function: test_uploading_temp_file@997-1000","callee=tempfile.TemporaryFile","basic block: 997:34-1000:56"
"path: /home/sixsquare/codeQL/projects/django/tests/test_client/tests.py","call function: 1003:14-1003:42","call in function: test_uploading_named_temp_file@1002-1008","callee=tempfile.NamedTemporaryFile","basic block: 1002:40-1008:62"
"path: /home/sixsquare/codeQL/projects/django/tests/admin_scripts/tests.py","call function: 167:14-167:38","call in function: run_manage@151-170","callee=open","basic block: 153:13-170:67"
"path: /home/sixsquare/codeQL/projects/django/tests/admin_scripts/tests.py","call function: 55:18-55:46","call in function: setUp@54-60","callee=tempfile.TemporaryDirectory","basic block: 54:15-60:31"
"path: /home/sixsquare/codeQL/projects/django/tests/admin_scripts/tests.py","call function: 70:14-70:42","call in function: write_settings@62-100","callee=open","basic block: 70:14-74:20"
"path: /home/sixsquare/codeQL/projects/django/tests/admin_scripts/tests.py","call function: 162:14-162:33","call in function: run_manage@151-170","callee=open","basic block: 153:13-170:67"
"path: /home/sixsquare/codeQL/projects/django/tests/admin_scripts/tests.py","call function: 744:14-744:52","call in function: test_setup_environ@737-750","callee=open","basic block: 737:28-748:53"
"path: /home/sixsquare/codeQL/projects/django/tests/admin_scripts/tests.py","call function: 772:14-772:69","call in function: test_startapp_unicode_name@765-777","callee=open","basic block: 765:36-776:45"
"path: /home/sixsquare/codeQL/projects/django/tests/admin_scripts/tests.py","call function: 1388:14-1388:42","call in function: write_settings_with_import_error@1386-1394","callee=open","basic block: 1386:42-1394:13"
"path: /home/sixsquare/codeQL/projects/django/tests/admin_scripts/tests.py","call function: 2638:14-2638:77","call in function: test_command_does_not_import@2629-2649","callee=open","basic block: 2629:38-2649:57"
"path: /home/sixsquare/codeQL/projects/django/tests/admin_scripts/tests.py","call function: 2694:14-2696:9","call in function: test_custom_project_template_non_python_files_not_formatted@2687-2702","callee=open","basic block: 2687:69-2702:42"
"path: /home/sixsquare/codeQL/projects/django/tests/admin_scripts/tests.py","call function: 2698:14-2700:9","call in function: test_custom_project_template_non_python_files_not_formatted@2687-2702","callee=open","basic block: 2687:69-2702:42"
"path: /home/sixsquare/codeQL/projects/django/tests/admin_scripts/tests.py","call function: 2836:18-2836:49","call in function: test_file_without_extension@2811-2839","callee=open","basic block: 2834:13-2839:17"
"path: /home/sixsquare/codeQL/projects/django/tests/admin_scripts/tests.py","call function: 2856:14-2856:33","call in function: test_custom_project_template_context_variables@2841-2859","callee=open","basic block: 2841:56-2859:80"
"path: /home/sixsquare/codeQL/projects/django/tests/admin_scripts/tests.py","call function: 2881:14-2881:33","call in function: test_no_escaping_of_project_variables@2861-2883","callee=open","basic block: 2861:47-2883:41"
"path: /home/sixsquare/codeQL/projects/django/tests/admin_scripts/tests.py","call function: 2923:14-2923:41","call in function: test_custom_project_template_with_non_ascii_templates@2904-2927","callee=open","basic block: 2904:63-2927:13"
"path: /home/sixsquare/codeQL/projects/django/tests/admin_scripts/tests.py","call function: 2968:14-2968:33","call in function: test_custom_project_template_hidden_directory_included@2947-2972","callee=open","basic block: 2947:64-2972:13"
"path: /home/sixsquare/codeQL/projects/django/tests/admin_scripts/tests.py","call function: 3126:14-3126:52","call in function: test_template@3121-3132","callee=open","basic block: 3121:23-3130:47"
"path: /home/sixsquare/codeQL/projects/django/tests/file_storage/tests.py","call function: 72:25-72:42","call in function: setUp@71-76","callee=tempfile.mkdtemp","basic block: 71:15-74:20"
"path: /home/sixsquare/codeQL/projects/django/tests/file_storage/tests.py","call function: 422:21-422:50","call in function: test_file_storage_preserves_filename_case@418-434","callee=tempfile.mkdtemp","basic block: 418:51-434:45"
"path: /home/sixsquare/codeQL/projects/django/tests/file_storage/tests.py","call function: 536:19-536:61","call in function: test_delete_deletes_directories@535-538","callee=tempfile.mkdtemp","basic block: 535:41-538:49"
"path: /home/sixsquare/codeQL/projects/django/tests/file_storage/tests.py","call function: 626:25-626:42","call in function: setUp@625-630","callee=tempfile.mkdtemp","basic block: 625:15-628:20"
"path: /home/sixsquare/codeQL/projects/django/tests/file_storage/tests.py","call function: 971:14-971:57","call in function: test_file_object@966-976","callee=open","basic block: 966:26-976:55"
"path: /home/sixsquare/codeQL/projects/django/tests/file_storage/tests.py","call function: 1010:38-1012:9","call in function: setUp@1009-1013","callee=tempfile.mkdtemp","basic block: 1009:15-1013:66"
"path: /home/sixsquare/codeQL/projects/django/tests/file_storage/tests.py","call function: 1086:28-1086:45","call in function: setUp@1085-1089","callee=tempfile.mkdtemp","basic block: 1085:15-1089:19"
"path: /home/sixsquare/codeQL/projects/django/tests/file_storage/tests.py","call function: 1111:28-1111:45","call in function: setUp@1107-1112","callee=tempfile.mkdtemp","basic block: 1107:15-1112:56"
"path: /home/sixsquare/codeQL/projects/django/tests/file_storage/tests.py","call function: 1148:28-1148:45","call in function: setUp@1147-1150","callee=tempfile.mkdtemp","basic block: 1147:15-1150:20"
"path: /home/sixsquare/codeQL/projects/django/tests/file_storage/tests.py","call function: 1183:23-1183:40","call in function: setUp@1182-1185","callee=tempfile.mkdtemp","basic block: 1182:15-1185:20"
"path: /home/sixsquare/codeQL/projects/django/tests/file_storage/tests.py","call function: 1205:25-1205:42","call in function: setUp@1204-1207","callee=tempfile.mkdtemp","basic block: 1204:15-1207:20"
"path: /home/sixsquare/codeQL/projects/django/tests/logging_tests/tests.py","call function: 655:21-655:40","call in function: setUp@637-665","callee=tempfile.NamedTemporaryFile","basic block: 637:15-665:9"
"path: /home/sixsquare/codeQL/projects/django/tests/logging_tests/tests.py","call function: 655:21-655:40","call in function: setUp@637-665","callee=django.core.files.temp.NamedTemporaryFile","basic block: 637:15-665:9"
"path: /home/sixsquare/codeQL/projects/django/tests/admin_views/tests.py","call function: 5293:17-5293:60","call in function: setUpTestData@5289-5302","callee=tempfile.NamedTemporaryFile","basic block: 5289:23-5298:19"
"path: /home/sixsquare/codeQL/projects/django/tests/admin_views/tests.py","call function: 5293:17-5293:60","call in function: setUpTestData@5289-5302","callee=django.core.files.temp.NamedTemporaryFile","basic block: 5289:23-5298:19"
"path: /home/sixsquare/codeQL/projects/django/tests/model_forms/tests.py","call function: 2702:14-2702:33","call in function: test_file_field_multiple_save@2689-2718","callee=open","basic block: 2689:39-2714:28"
"path: /home/sixsquare/codeQL/projects/django/tests/model_forms/tests.py","call function: 2739:14-2739:76","call in function: test_image_field@2734-2891","callee=open","basic block: 2734:26-2820:64"
"path: /home/sixsquare/codeQL/projects/django/tests/model_forms/tests.py","call function: 2741:14-2741:77","call in function: test_image_field@2734-2891","callee=open","basic block: 2734:26-2820:64"
"path: /home/sixsquare/codeQL/projects/django/tests/middleware/tests.py","call function: 960:14-960:33","call in function: test_compress_file_response@956-971","callee=open","basic block: 956:37-971:53"
"path: /home/sixsquare/codeQL/projects/django/tests/middleware/tests.py","call function: 968:18-968:37","call in function: test_compress_file_response@956-971","callee=open","basic block: 956:37-971:53"
"path: /home/sixsquare/codeQL/projects/django/tests/i18n/sampleproject/update_catalogs.py","call function: 51:10-51:21","call in function: update_translation_catalogs@38-57","callee=open","basic block: 39:5-57:22"
"path: /home/sixsquare/codeQL/projects/django/tests/i18n/sampleproject/update_catalogs.py","call function: 54:10-54:26","call in function: update_translation_catalogs@38-57","callee=open","basic block: 39:5-57:22"
"path: /home/sixsquare/codeQL/projects/django/django/core/files/uploadedfile.py","call function: 78:16-80:9","call in function: __init__@76-81","callee=tempfile.NamedTemporaryFile","basic block: 76:18-81:85"
"path: /home/sixsquare/codeQL/projects/django/django/core/files/uploadedfile.py","call function: 78:16-80:9","call in function: __init__@76-81","callee=django.core.files.temp.NamedTemporaryFile","basic block: 76:18-81:85"
"path: /home/sixsquare/codeQL/projects/django/tests/file_uploads/uploadhandler.py","call function: 67:14-67:70","call in function: file_complete@64-69","callee=open","basic block: 64:23-69:24"
"path: /home/sixsquare/codeQL/projects/django/tests/file_uploads/uploadhandler.py","call function: 88:21-88:77","call in function: new_file@71-88","callee=tempfile.NamedTemporaryFile","basic block: 72:9-88:17"
"path: /home/sixsquare/codeQL/projects/django/tests/wsgi/urls.py","call function: 18:42-18:61","call in function: lambda@18-18","callee=open","basic block: 18:26-18:62"
"path: /home/sixsquare/codeQL/projects/django/tests/asgi/urls.py","call function: 71:42-71:66","call in function: lambda@71-71","callee=open","basic block: 71:26-71:67"
"path: /home/sixsquare/codeQL/projects/django/tests/i18n/utils.py","call function: 47:25-47:56","call in function: setUp@45-56","callee=tempfile.mkdtemp","basic block: 45:15-56:31"
"path: /home/sixsquare/codeQL/projects/django/django/db/migrations/writer.py","call function: 279:18-279:65","call in function: basedir@219-282","callee=open","basic block: 277:13-280:20"
